traces_files: ['../../2.bitc_mcmc/repeat_0/Mg1EDTAp1a/traces.pickle', '../../2.bitc_mcmc/repeat_1/Mg1EDTAp1a/traces.pickle', '../../2.bitc_mcmc/repeat_2/Mg1EDTAp1a/traces.pickle', '../../2.bitc_mcmc/repeat_3/Mg1EDTAp1a/traces.pickle', '../../2.bitc_mcmc/repeat_4/Mg1EDTAp1a/traces.pickle']


                        DeltaG                        DeltaH                       DeltaH_0                         Ls                            P0                        log_sigma           


DeltaG      1.0000000000(0.0000000000)     0.4968691147(0.0093860203)     0.2746348679(0.0197250432)     0.5444372715(0.0089123938)     0.5465939668(0.0093909389)     -0.0056171343(0.0101806123)     

DeltaH      0.4968691147(0.0093860203)     1.0000000000(0.0000000000)     -0.0792071615(0.0108639212)     0.9895078201(0.0002320871)     0.9885460402(0.0002665357)     0.0006667749(0.0163794535)     

DeltaH_0    0.2746348679(0.0197250432)     -0.0792071615(0.0108639212)     1.0000000000(0.0000000000)     -0.0100017403(0.0127006322)     0.0030803140(0.0130324197)     0.0098231805(0.0089025760)     

Ls          0.5444372715(0.0089123938)     0.9895078201(0.0002320871)     -0.0100017403(0.0127006322)     1.0000000000(0.0000000000)     0.9988662801(0.0000316180)     0.0016154534(0.0163802352)     

P0          0.5465939668(0.0093909389)     0.9885460402(0.0002665357)     0.0030803140(0.0130324197)     0.9988662801(0.0000316180)     1.0000000000(0.0000000000)     0.0027566202(0.0163492585)     

log_sigma   -0.0056171343(0.0101806123)     0.0006667749(0.0163794535)     0.0098231805(0.0089025760)     0.0016154534(0.0163802352)     0.0027566202(0.0163492585)     1.0000000000(0.0000000000)     


